-4.587289779220025780e-03
5.794001956700121081e-01
8.457806332316752940e-01
1.018359577216928047e+00
1.157957707453521001e+00
1.267506716432729830e+00
1.346586520439736256e+00
1.421727523032491058e+00
1.485568512955070863e+00
1.538633049392384766e+00
1.577470851048671463e+00
1.634252997697201559e+00
1.669873282785553581e+00
1.698731246086070623e+00
1.741497937240298333e+00
1.756743469053774209e+00
1.793741835316870814e+00
1.814943052967463499e+00
1.853779341710423578e+00
1.867171088855310135e+00
1.884150245644403920e+00
1.921804481725297942e+00
1.938945111735650872e+00
1.957938246330024334e+00
1.970987391718028059e+00
1.972949709572436872e+00
2.000095398943199321e+00
2.001600978885506699e+00
2.030017078617161630e+00
2.060352885693794267e+00
2.050723499606867062e+00
2.080150726618002821e+00
2.088110409252439847e+00
2.088248645497368994e+00
2.102112273287854993e+00
2.120514805236642264e+00
2.139904455186428578e+00
2.154147284588054490e+00
2.141215474785397088e+00
2.165721632041835321e+00
2.163485815537827595e+00
2.199916433363906965e+00
2.181871814365391238e+00
2.207240867313331467e+00
2.193586824581388761e+00
2.222685295356801038e+00
2.216338157320028479e+00
2.240892110238474455e+00
2.245496586797363303e+00
2.245663793316884593e+00
2.251600518248828564e+00
2.258660113691747018e+00
2.268135895958135695e+00
2.274836970450344609e+00
2.286556904880637564e+00
2.290456118217139458e+00
2.289852149647200186e+00
2.308017331514575776e+00
2.310471134649593861e+00
2.317652173682520189e+00
2.322131617750303967e+00
2.333666362139430017e+00
2.328778763312564504e+00
2.354062437880193315e+00
2.340769166509327537e+00
2.363210448336227287e+00
2.364688257564885543e+00
2.368429926858568901e+00
2.377460906320544964e+00
2.366617877478020660e+00
2.379180836103308661e+00
2.386658355947847809e+00
2.399988873432746139e+00
2.407883141340869670e+00
2.400124163618462703e+00
2.410654378849354629e+00
2.417734278984500218e+00
2.412851949109021898e+00
2.414089829020389821e+00
2.425904424530944681e+00
2.426608523210124435e+00
2.434513145457410488e+00
2.435298086675848683e+00
2.445479780138593462e+00
2.434056772855058615e+00
2.445958619246469734e+00
2.450126143837625392e+00
2.465157666690600102e+00
2.458153164046235517e+00
2.474486586379849307e+00
2.479905937490342716e+00
2.476502378646620262e+00
2.479482894971867246e+00
2.483547102743376200e+00
2.494878977106213203e+00
2.497170750067843059e+00
2.509049883599996811e+00
2.498345708208882243e+00
2.502511438721899850e+00
2.507263765474279538e+00
2.509279122955084151e+00
2.518725653900296457e+00
2.523954121628082525e+00
2.524549225081098136e+00
2.524725212505258387e+00
2.532883482780934337e+00
2.528454779748131376e+00
2.537245422972017828e+00
2.534699995330887301e+00
2.530241622970461179e+00
2.552302544746247293e+00
2.546269477785972235e+00
2.553990024926148461e+00
2.555341815345306689e+00
2.557073419197276376e+00
2.556671877403967841e+00
2.569530838896401548e+00
2.568522195526260710e+00
2.564384216223129176e+00
2.571382397864344416e+00
2.568578099564970962e+00
2.574101329215428891e+00
2.586055601208220978e+00
2.586923406808903980e+00
2.592268179240174053e+00
2.588227904474832197e+00
2.584334819608116174e+00
2.591969980919399674e+00
2.589347851642300302e+00
2.605211475006578237e+00
2.608620507534001653e+00
2.604856924131519147e+00
2.604126604047182436e+00
2.611849873160905222e+00
2.614773203749663377e+00
2.605204331742003721e+00
2.618506228114165335e+00
2.615832800786308532e+00
2.627717454557204846e+00
2.629350959899280582e+00
2.625738808211314446e+00
2.634712081133065098e+00
2.636372117942056281e+00
2.633025186389384764e+00
2.639250486031945453e+00
2.639223049982672986e+00
2.644026974022939847e+00
2.642941156058195240e+00
2.649344932316103129e+00
2.650967147520840062e+00
2.656067661104990041e+00
2.649398842162641987e+00
2.654915285663683733e+00
2.660393857100526560e+00
2.658741440574242443e+00
2.666808276200032246e+00
2.664777445976034720e+00
2.667489180049122943e+00
2.671934340418881337e+00
2.668884467469470501e+00
2.672209945430893185e+00
2.684352447737650582e+00
2.682568132611448330e+00
2.677029826896364817e+00
2.677261867230697145e+00
2.677506188880099725e+00
2.686562947271742718e+00
2.678886274432730197e+00
2.685755954566912962e+00
2.677108741676598846e+00
2.691207736429280128e+00
2.694789555594878649e+00
2.694282200888646450e+00
2.703350546892855366e+00
2.706742004700354531e+00
2.702711900291506542e+00
2.697753504501180899e+00
2.706512057227014711e+00
2.706757847477789802e+00
2.723590409439673010e+00
2.703288326675322040e+00
2.718464310462512579e+00
2.710902807176096552e+00
2.716805314296702800e+00
2.715847946050973238e+00
2.717253967388231661e+00
2.723389927494549667e+00
2.729887472183027519e+00
2.736885902989494745e+00
2.736580747823842863e+00
2.728307988972364040e+00
2.727104169474888984e+00
2.733070220617964452e+00
2.733829437635173054e+00
2.726605605301968716e+00
2.738689180289763048e+00
2.735894001897319239e+00
2.741331646616831819e+00
2.745484492460228854e+00
2.744541614246698735e+00
